# tp_schedule(1024, 8)
# mean: 111 us
# min:  0
# max:  354
# at:   139, 231
173
172
171
170
170
169
168
167
166
166
165
165
164
163
163
162
162
161
161
160
159
158
157
157
156
149
148
147
146
145
145
144
143
142
141
141
140
140
139
139
138
137
137
136
136
135
135
134
133
132
132
127
126
125
293
123
123
121
120
112
111
111
110
110
109
108
108
107
107
106
105
105
91
90
89
88
87
86
86
85
79
79
78
77
77
76
76
75
75
74
74
73
72
72
71
71
70
70
69
68
68
67
67
66
66
63
62
62
61
61
60
60
59
58
57
56
55
55
54
53
53
52
52
51
50
49
49
47
71
15
1
12
10
10
9
8
7
17
6
0
56
4
8
5
15
7
0
5
4
3
16
1
1
4
1
2
1
1
59
48
48
47
147
46
32
31
30
30
48
28
27
27
26
26
25
25
23
23
22
22
21
21
20
20
19
18
17
28
77
88
239
166
164
163
162
161
160
159
158
157
156
155
154
153
152
151
150
149
148
146
62
26
16
15
14
1
13
12
3
1
2
0
10
8
8
1
6
6
5
5
3
354
187
186
185
183
181
180
180
180
182
177
177
176
176
175
174
173
172
172
171
171
171
171
170
166
165
165
165
164
163
163
165
164
159
158
157
157
156
155
154
154
192
151
151
151
150
148
148
147
147
146
147
145
148
144
142
140
141
140
138
139
138
137
136
135
136
135
136
132
131
130
130
130
129
129
128
128
128
127
126
126
125
125
124
122
122
121
120
115
114
113
121
116
111
110
110
109
109
108
108
107
107
107
107
106
106
105
105
103
102
101
102
100
101
102
99
96
93
91
91
89
87
86
86
85
85
84
86
83
83
8
81
80
79
79
78
78
77
76
76
76
75
75
74
73
72
71
71
70
70
69
68
68
59
53
50
48
48
48
44
45
49
43
48
41
41
40
40
39
0
38
6
5
5
9
27
25
25
25
23
23
22
22
19
19
18
19
17
3
16
15
14
13
13
11
11
10
10
9
8
7
8
2
1
0
6
22
2
1
1
1
2
6
3
11
0
10
0
3
1
1
0
1
5
1
5
0
1
4
0
1
1
1
6
1
22
2
3
1
1
1
1
0
0
11
2
0
5
0
5
0
0
0
4
9
4
2
1
3
2
2
2
3
2
4
11
4
2
1
16
12
11
10
10
9
9
8
8
1
7
1
6
4
8
1
1
0
2
1
1
1
5
1
2
3
1
1
1
1
48
57
56
54
53
52
51
51
50
49
49
48
46
45
45
44
43
43
42
42
286
284
284
283
283
282
282
281
281
280
280
279
279
278
278
274
273
272
272
271
271
269
268
268
268
267
267
266
266
265
265
265
264
263
262
261
261
260
260
259
258
257
257
256
256
255
255
253
256
251
251
250
250
249
249
249
248
247
247
246
246
249
244
244
243
242
242
241
240
240
239
239
239
238
238
237
236
236
236
235
235
234
234
234
234
233
233
232
232
231
231
230
230
230
229
229
229
228
228
227
227
227
226
226
226
224
224
223
222
222
222
221
221
221
220
219
219
219
218
218
217
217
216
216
215
214
218
213
212
212
211
211
210
210
210
208
207
207
206
206
205
205
205
204
204
203
202
201
201
201
200
200
200
199
198
198
197
196
195
195
197
194
193
193
192
192
192
190
190
189
189
189
188
187
187
187
186
186
185
185
184
183
183
183
182
182
181
181
180
180
180
179
178
178
177
176
176
175
175
174
173
173
173
172
172
171
171
170
171
171
169
169
168
168
167
167
167
166
166
165
164
163
163
163
162
162
162
161
161
161
160
160
160
159
159
159
158
158
157
157
157
156
156
155
155
152
152
152
151
151
150
150
149
149
148
150
146
146
146
145
144
144
144
143
144
143
143
141
140
140
139
139
138
138
137
137
136
136
135
135
134
134
133
133
132
131
131
130
130
129
129
128
127
126
125
125
124
123
123
122
122
121
121
120
119
119
118
118
117
116
116
115
115
118
114
113
112
112
112
110
109
109
108
108
107
107
106
106
105
105
105
104
103
104
107
102
101
101
101
100
100
98
97
97
97
96
96
95
95
95
94
94
94
93
93
93
92
92
92
91
90
90
89
89
89
88
87
87
86
86
85
85
84
84
83
83
82
82
82
81
81
80
80
79
78
78
77
78
72
71
70
70
71
69
68
67
67
66
65
65
64
64
63
63
62
62
61
60
60
59
59
58
58
57
56
55
55
54
54
53
52
52
51
51
50
50
49
49
48
47
47
46
46
45
45
44
44
43
43
42
40
40
39
38
30
28
28
27
26
26
25
25
24
24
23
22
22
21
21
20
20
19
17
17
16
16
15
14
14
13
13
12
11
10
